0 0.528125 0.459375 0.0671875 0.07421875
1 0.1328125 0.32734375 0.14609375 0.3078125
1 0.1640625 0.12421875 0.0890625 0.0859375
0 0.8578125 0.18046875 0.1078125 0.07265625
0 0.4890625 0.6234375 0.10703125 0.09296875
1 0.78359375 0.534375 0.0921875 0.09296875
1 0.2640625 0.26796875 0.08828125 0.1421875
1 0.76875 0.328125 0.1015625 0.12734375
0 0.37578125 0.29375 0.11875 0.1890625
1 0.26796875 0.14375 0.1125 0.10234375
0 0.31171875 0.48046875 0.0953125 0.14609375
3 0.55859375 0.534375 0.0328125 0.0546875
1 0.415625 0.50078125 0.0796875 0.13359375
1 0.171875 0.48515625 0.06640625 0.0609375
1 0.6453125 0.26640625 0.0875 0.0953125
1 0.60078125 0.246875 0.05859375 0.07890625
3 0.9296875 0.2875 0.04296875 0.07109375
1 0.8015625 0.65625 0.06171875 0.13984375
3 0.76484375 0.40546875 0.0734375 0.109375
3 0.65078125 0.459375 0.04921875 0.04140625
1 0.61015625 0.43828125 0.05 0.0671875
0 0.64921875 0.3921875 0.0359375 0.0296875
1 0.6703125 0.3578125 0.059375 0.03203125
1 0.6171875 0.38984375 0.025 0.01484375
1 0.51484375 0.55703125 0.06171875 0.11640625
3 0.68671875 0.54140625 0.046875 0.04609375
1 0.63828125 0.5046875 0.0203125 0.034375
0 0.865625 0.29609375 0.046875 0.1046875
1 0.7171875 0.46484375 0.0359375 0.0515625
1 0.240625 0.44921875 0.040625 0.04375
0 0.2484375 0.4859375 0.0265625 0.015625