0 0.709375 0.4796875 0.02578125 0.02265625
2 0.69765625 0.6078125 0.0859375 0.14609375
1 0.54609375 0.5140625 0.16328125 0.1296875
2 0.3875 0.515625 0.08515625 0.10859375
3 0.27734375 0.53984375 0.0390625 0.04140625
3 0.325 0.52421875 0.028125 0.028125
1 0.46875 0.38984375 0.11796875 0.05078125
1 0.6453125 0.4390625 0.1375 0.06328125
1 0.35703125 0.4453125 0.12734375 0.12109375
1 0.25703125 0.48671875 0.05390625 0.03515625
1 0.2453125 0.53125 0.06015625 0.0671875
1 0.546875 0.56953125 0.08203125 0.06015625
1 0.65234375 0.51953125 0.06953125 0.0859375
1 0.43125 0.5265625 0.0328125 0.0234375
1 0.48515625 0.51796875 0.04375 0.02265625
1 0.47890625 0.421875 0.1375 0.053125