0 0.353125 0.27734375 0.23359375 0.15703125
0 0.69921875 0.50546875 0.2515625 0.13046875
0 0.38203125 0.46484375 0.20703125 0.0859375
0 0.57265625 0.346875 0.090625 0.09140625
1 0.3109375 0.66875 0.1546875 0.12109375
1 0.2375 0.5609375 0.20546875 0.059375
0 0.9140625 0.8484375 0.171875 0.13359375
0 0.66171875 0.83359375 0.09296875 0.06953125
3 0.1515625 0.82265625 0.20078125 0.12734375
0 0.315625 0.79140625 0.1984375 0.09375
0 0.57421875 0.77578125 0.14296875 0.07265625
0 0.45234375 0.55 0.11953125 0.0875
0 0.909375 0.7046875 0.07265625 0.04296875
1 0.46640625 0.1828125 0.13984375 0.0875
1 0.70390625 0.19375 0.09609375 0.0609375
0 0.834375 0.65234375 0.08515625 0.05546875
0 0.5921875 0.62890625 0.0890625 0.04375
0 0.47109375 0.67734375 0.115625 0.090625
0 0.47109375 0.8125 0.0890625 0.02109375
0 0.04140625 0.75078125 0.0828125 0.034375
0 0.80390625 0.76015625 0.06953125 0.05546875
1 0.6671875 0.584375 0.0828125 0.075
0 0.603125 0.140625 0.0828125 0.09765625
0 0.80390625 0.40625 0.046875 0.0296875
1 0.70078125 0.31015625 0.0640625 0.1078125
1 0.7546875 0.61328125 0.1 0.06640625