3 0.71640625 0.28046875 0.10625 0.0578125
3 0.76171875 0.25 0.090625 0.04296875
3 0.24921875 0.515625 0.1234375 0.0546875
3 0.065625 0.578125 0.09921875 0.034375
0 0.303125 0.296875 0.09140625 0.04765625
1 0.665625 0.5203125 0.16171875 0.07265625
1 0.859375 0.5390625 0.175 0.07265625
0 0.728125 0.6953125 0.08125 0.0453125
1 0.57578125 0.25390625 0.13671875 0.07734375
0 0.959375 0.40390625 0.03671875 0.03359375
0 0.62578125 0.1765625 0.05078125 0.025
0 0.68984375 0.20703125 0.03828125 0.08046875
1 0.46171875 0.35859375 0.06328125 0.1
3 0.64375 0.603125 0.053125 0.05234375
1 0.8984375 0.33515625 0.203125 0.1046875
0 0.90859375 0.59921875 0.07109375 0.0453125
1 0.39765625 0.30625 0.0703125 0.03828125
1 0.4703125 0.29296875 0.03359375 0.02578125