1 0.10859375 0.4875 0.2125 0.1546875
1 0.371875 0.384375 0.184375 0.10078125
1 0.675 0.425 0.109375 0.0734375
1 0.48828125 0.67109375 0.16796875 0.240625
1 0.48046875 0.503125 0.21953125 0.04765625
1 0.359375 0.58671875 0.09453125 0.071875
1 0.2484375 0.33984375 0.0796875 0.08203125
1 0.178125 0.3921875 0.1375 0.0359375
0 0.828125 0.59921875 0.02734375 0.03515625
1 0.57734375 0.42421875 0.1046875 0.1078125
1 0.80390625 0.45078125 0.04453125 0.08828125
1 0.5921875 0.5953125 0.10859375 0.0796875
3 0.3078125 0.60546875 0.04296875 0.02890625
1 0.32265625 0.484375 0.12578125 0.1234375
1 0.77421875 0.55078125 0.10703125 0.06171875
1 0.43046875 0.45 0.0859375 0.02578125
1 0.66796875 0.371875 0.05625 0.034375
1 0.75078125 0.38828125 0.10546875 0.0328125