3 0.91171875 0.578125 0.0953125 0.1140625
3 0.084375 0.678125 0.10625 0.09609375
3 0.78984375 0.33203125 0.10625 0.03125
0 0.56015625 0.33359375 0.02890625 0.0234375
1 0.4375 0.3140625 0.178125 0.11171875
0 0.646875 0.796875 0.05078125 0.0265625
0 0.946875 0.65703125 0.0515625 0.059375
0 0.92890625 0.43203125 0.07109375 0.06796875
1 0.75546875 0.46171875 0.2140625 0.15703125
1 0.1265625 0.48203125 0.12578125 0.16015625
3 0.55 0.68984375 0.05546875 0.05234375
3 0.55703125 0.609375 0.1796875 0.07109375
1 0.51640625 0.45546875 0.1953125 0.16015625
1 0.6078125 0.2578125 0.1046875 0.05625
1 0.28359375 0.390625 0.1171875 0.05703125
1 0.66328125 0.32109375 0.1234375 0.06171875