0 0.19765625 0.3609375 0.09921875 0.0921875
0 0.81484375 0.38984375 0.21875 0.1109375
0 0.7859375 0.69296875 0.13046875 0.0859375
3 0.121875 0.50546875 0.18046875 0.07421875
3 0.5546875 0.2515625 0.10390625 0.07265625
0 0.52265625 0.75703125 0.04765625 0.04140625
0 0.2984375 0.4765625 0.0265625 0.02421875
0 0.33671875 0.434375 0.05703125 0.034375
0 0.41015625 0.4234375 0.03671875 0.02734375
0 0.51796875 0.49296875 0.04921875 0.0265625
0 0.4734375 0.33515625 0.07734375 0.03984375
0 0.71875 0.61796875 0.11015625 0.04921875
0 0.6671875 0.6828125 0.0375 0.03046875
1 0.39921875 0.321875 0.10625 0.0578125
0 0.2390625 0.6453125 0.0546875 0.0296875
0 0.64375 0.83046875 0.0546875 0.05703125
0 0.76328125 0.9265625 0.125 0.07109375
1 0.509375 0.58125 0.14140625 0.08515625
1 0.4859375 0.4171875 0.11328125 0.075
1 0.578125 0.43203125 0.0640625 0.06484375
3 0.4328125 0.4703125 0.053125 0.0453125
1 0.28828125 0.36484375 0.0625 0.0921875
1 0.30859375 0.30078125 0.05859375 0.0265625
3 0.6484375 0.43984375 0.0640625 0.06953125
0 0.45546875 0.17109375 0.0796875 0.0328125
0 0.82890625 0.553125 0.04375 0.04375
0 0.81328125 0.49921875 0.04375 0.0265625
0 0.67421875 0.3171875 0.0421875 0.046875
0 0.084375 0.45390625 0.0578125 0.02734375
0 0.0421875 0.475 0.04296875 0.03359375
0 0.278125 0.44453125 0.0484375 0.034375