0 0.53125 0.5375 0.1890625 0.115625
0 0.846875 0.66328125 0.15 0.1390625
0 0.6109375 0.325 0.16328125 0.18046875
2 0.2140625 0.803125 0.428125 0.3390625
1 0.290625 0.58671875 0.2078125 0.0765625
0 0.62890625 0.7390625 0.06015625 0.0265625
0 0.93046875 0.85234375 0.06640625 0.04375
0 0.7625 0.43828125 0.0625 0.06484375
0 0.74453125 0.515625 0.05703125 0.05078125
0 0.72734375 0.9328125 0.0984375 0.0734375
0 0.59296875 0.83203125 0.0453125 0.0453125
1 0.89765625 0.909375 0.10234375 0.0609375
1 0.69453125 0.625 0.08125 0.09921875
0 0.6078125 0.63671875 0.0625 0.08359375
0 0.57421875 0.74296875 0.02265625 0.05703125
0 0.4828125 0.71953125 0.0359375 0.0640625
1 0.51796875 0.45 0.1890625 0.04921875