1 0.7375 0.475 0.159375 0.13671875
1 0.4796875 0.52734375 0.1390625 0.08203125
1 0.359375 0.40234375 0.17578125 0.11953125
1 0.1921875 0.3984375 0.09921875 0.11171875
3 0.3 0.60859375 0.05078125 0.025
1 0.16015625 0.5359375 0.15546875 0.2078125
1 0.6078125 0.42421875 0.134375 0.10625
0 0.7796875 0.64375 0.021875 0.02890625
1 0.5859375 0.6125 0.0984375 0.09296875
1 0.74921875 0.578125 0.09453125 0.0671875
3 0.3375 0.49609375 0.12578125 0.10625
1 0.3671875 0.59765625 0.09921875 0.08046875
1 0.5015625 0.69765625 0.1484375 0.2296875