3 0.12734375 0.39765625 0.12109375 0.06796875
0 0.20078125 0.2265625 0.128125 0.04296875
0 0.5625 0.15234375 0.07109375 0.05625
0 0.8921875 0.421875 0.05078125 0.053125
0 0.86875 0.278125 0.0578125 0.04921875
3 0.53203125 0.42109375 0.08203125 0.0484375
3 0.4875 0.46953125 0.0546875 0.0375
0 0.61328125 0.5875 0.0234375 0.03515625
3 0.534375 0.18828125 0.06015625 0.05703125
3 0.540625 0.51875 0.04765625 0.05078125
1 0.703125 0.434375 0.0953125 0.05390625
1 0.03515625 0.47578125 0.0703125 0.07421875
0 0.30234375 0.55703125 0.06640625 0.04140625
0 0.07421875 0.50546875 0.0671875 0.05390625
1 0.309375 0.25 0.08984375 0.05703125
1 0.22265625 0.328125 0.08046875 0.07734375
0 0.4515625 0.15234375 0.04140625 0.0328125
0 0.815625 0.315625 0.02578125 0.03125
0 0.69375 0.28671875 0.03359375 0.02421875
0 0.76484375 0.49453125 0.05625 0.0375
1 0.37890625 0.30703125 0.071875 0.0796875
1 0.42109375 0.240625 0.1 0.0265625
1 0.2359375 0.5 0.17734375 0.0546875