0 0.86328125 0.6328125 0.0859375 0.09140625
0 0.6203125 0.5390625 0.2015625 0.0828125
0 0.678125 0.3765625 0.1125 0.15
0 0.2328125 0.7453125 0.1390625 0.0796875
0 0.14140625 0.70703125 0.1640625 0.04453125
0 0.74375 0.84140625 0.09296875 0.0484375
0 0.74296875 0.79453125 0.13046875 0.0359375
0 0.89375 0.7671875 0.090625 0.07578125
0 0.67265625 0.6625 0.0796875 0.04453125
0 0.78046875 0.4765625 0.06953125 0.1015625
0 0.9765625 0.70859375 0.04453125 0.03125
1 0.371875 0.55703125 0.17890625 0.0671875
1 0.42421875 0.65703125 0.15078125 0.09140625
1 0.57734375 0.67421875 0.09921875 0.0859375
1 0.5203125 0.5921875 0.09453125 0.065625
0 0.42578125 0.8390625 0.06796875 0.05859375
1 0.68125 0.2171875 0.0796875 0.08203125
1 0.71484375 0.27890625 0.1203125 0.04453125
1 0.56953125 0.44453125 0.15703125 0.0578125
1 0.04609375 0.7328125 0.0921875 0.134375
0 0.6265625 0.61015625 0.05859375 0.046875