0 0.44375 0.13359375 0.2203125 0.18046875
1 0.3140625 0.56796875 0.16953125 0.13046875
3 0.07109375 0.7046875 0.13203125 0.06953125
0 0.68125 0.784375 0.11015625 0.0578125
0 0.75625 0.42734375 0.19453125 0.0875
0 0.35625 0.76640625 0.09921875 0.0609375
0 0.49609375 0.475 0.11015625 0.115625
0 0.45859375 0.3171875 0.26015625 0.09375
0 0.62734375 0.2703125 0.06875 0.10390625
3 0.57109375 0.2859375 0.04375 0.053125
1 0.66796875 0.18984375 0.08828125 0.08125
1 0.70390625 0.49765625 0.11015625 0.09921875
0 0.92421875 0.78046875 0.15078125 0.10859375
0 0.6234375 0.67890625 0.1609375 0.10078125
0 0.48828125 0.62421875 0.12109375 0.1078125
1 0.4203125 0.5109375 0.1171875 0.0828125
3 0.21953125 0.478125 0.0640625 0.0359375
0 0.0890625 0.63125 0.16171875 0.071875
0 0.959375 0.6765625 0.04453125 0.028125
0 0.83203125 0.678125 0.08203125 0.0515625
1 0.759375 0.28046875 0.08359375 0.05859375
1 0.56640625 0.403125 0.1078125 0.08515625
1 0.79609375 0.5265625 0.10703125 0.1109375
0 0.821875 0.74453125 0.0640625 0.04140625