0 0.1390625 0.43515625 0.19375 0.1921875
0 0.11640625 0.09921875 0.1609375 0.1984375
0 0.07109375 0.25 0.1234375 0.07578125
0 0.26171875 0.26640625 0.24921875 0.13203125
0 0.696875 0.20703125 0.2515625 0.09921875
0 0.55390625 0.0875 0.0578125 0.06640625
0 0.86640625 0.58515625 0.11953125 0.06328125
1 0.40390625 0.5796875 0.2734375 0.203125
1 0.64296875 0.36953125 0.1609375 0.21015625
3 0.65390625 0.06015625 0.12109375 0.04921875
1 0.1703125 0.6578125 0.1890625 0.0625
0 0.27890625 0.42734375 0.0796875 0.05078125
0 0.28828125 0.36875 0.07421875 0.05390625
0 0.41640625 0.2796875 0.05546875 0.04765625
1 0.390625 0.075 0.27890625 0.12265625
1 0.9140625 0.43125 0.134375 0.1296875
1 0.56875 0.278125 0.18046875 0.16875
1 0.61484375 0.5578125 0.13984375 0.04453125
0 0.5859375 0.4984375 0.0890625 0.04296875
3 0.4984375 0.38125 0.0640625 0.021875
3 0.48046875 0.3390625 0.04921875 0.02734375