0 0.1796875 0.5109375 0.19609375 0.20546875
0 0.1359375 0.14453125 0.19609375 0.24296875
0 0.0828125 0.303125 0.165625 0.0828125
0 0.27265625 0.359375 0.21875 0.18203125
0 0.6234375 0.10546875 0.0546875 0.07109375
0 0.759375 0.234375 0.284375 0.14375
1 0.47734375 0.68359375 0.29765625 0.203125
1 0.22109375 0.74140625 0.22890625 0.07109375
1 0.89140625 0.5890625 0.2171875 0.21171875
1 0.43671875 0.11796875 0.3328125 0.1359375
1 0.7859375 0.12578125 0.2453125 0.1234375
1 0.73671875 0.45703125 0.17734375 0.225
1 0.70078125 0.62421875 0.13984375 0.08046875
1 0.959375 0.4046875 0.08046875 0.065625
1 0.98046875 0.46484375 0.0390625 0.0359375
0 0.446875 0.30078125 0.134375 0.05078125
1 0.65859375 0.34375 0.18359375 0.1828125