0 0.14453125 0.24296875 0.165625 0.171875
0 0.190625 0.59140625 0.16953125 0.07109375
0 0.81015625 0.30390625 0.165625 0.09453125
1 0.446875 0.70546875 0.24921875 0.1765625
1 0.59140625 0.39296875 0.18515625 0.18671875
3 0.44453125 0.25390625 0.1609375 0.04765625
3 0.675 0.1671875 0.15390625 0.0296875
1 0.41796875 0.33984375 0.15625 0.0640625
1 0.79609375 0.63203125 0.19453125 0.1703125
1 0.79140625 0.40078125 0.09453125 0.07109375
1 0.72109375 0.40390625 0.07734375 0.0484375
1 0.3109375 0.225 0.05859375 0.08515625
3 0.5453125 0.1640625 0.0625 0.04921875
0 0.3875 0.41640625 0.06796875 0.05390625
0 0.17109375 0.39921875 0.06171875 0.028125
1 0.9484375 0.4625 0.08515625 0.06953125
1 0.96015625 0.5390625 0.06640625 0.06953125
1 0.6484375 0.6609375 0.10390625 0.0640625
1 0.2265625 0.73203125 0.19453125 0.05234375