2 0.60234375 0.60546875 0.0859375 0.14921875
1 0.5890625 0.45078125 0.09921875 0.11171875
1 0.58203125 0.36875 0.2046875 0.06171875
1 0.3078125 0.4 0.1125 0.109375
3 0.44609375 0.62421875 0.0203125 0.0734375
1 0.37265625 0.5 0.0765625 0.0640625
3 0.3015625 0.48125 0.02421875 0.0203125
3 0.2703125 0.51953125 0.02421875 0.01796875
1 0.15390625 0.46640625 0.13359375 0.146875
1 0.175 0.36015625 0.0859375 0.0828125
1 0.26796875 0.32734375 0.0625 0.02578125
1 0.49375 0.53203125 0.08359375 0.06015625
1 0.40859375 0.43984375 0.12265625 0.040625
1 0.49375 0.46953125 0.06796875 0.034375
0 0.6703125 0.55 0.0328125 0.0140625
1 0.39375 0.60078125 0.0796875 0.14453125
1 0.30859375 0.52109375 0.0671875 0.06328125
3 0.38828125 0.41015625 0.07265625 0.01953125