3 0.0796875 0.590625 0.14140625 0.09609375
0 0.8703125 0.81015625 0.1828125 0.0859375
0 0.79140625 0.6125 0.16328125 0.0640625
0 0.90625 0.43125 0.1875 0.103125
0 0.5 0.32578125 0.165625 0.0625
3 0.5921875 0.2484375 0.08203125 0.05
0 0.50390625 0.128125 0.07734375 0.0515625
1 0.1125 0.3953125 0.16328125 0.0859375
0 0.771875 0.71171875 0.15 0.07421875
0 0.7984375 0.3984375 0.08828125 0.059375
1 0.5359375 0.653125 0.15859375 0.09921875
0 0.23515625 0.4796875 0.1171875 0.06640625
3 0.29296875 0.36328125 0.0828125 0.10078125
1 0.496875 0.43046875 0.13984375 0.07109375
0 0.53203125 0.8484375 0.0734375 0.059375
0 0.91015625 0.6203125 0.05703125 0.12421875
1 0.61015625 0.4703125 0.04375 0.05859375
1 0.1625 0.3203125 0.06640625 0.01875
1 0.67265625 0.45703125 0.06328125 0.08046875
1 0.39609375 0.2875 0.13046875 0.0515625
1 0.7078125 0.28515625 0.13046875 0.1015625
0 0.5484375 0.5359375 0.046875 0.04765625
1 0.78984375 0.51171875 0.16015625 0.06171875
3 0.43984375 0.50703125 0.06015625 0.04609375