1 0.28203125 0.14375 0.1203125 0.12890625
0 0.12578125 0.43125 0.12265625 0.134375
0 0.4171875 0.54140625 0.11171875 0.12421875
0 0.60390625 0.734375 0.134375 0.10625
0 0.9125 0.2 0.14609375 0.0859375
0 0.603125 0.5765625 0.065625 0.13046875
0 0.92265625 0.5296875 0.0796875 0.14921875
3 0.11328125 0.21875 0.08046875 0.09296875
0 0.4265625 0.74609375 0.02265625 0.06640625
1 0.85859375 0.525 0.07265625 0.1078125
0 0.74296875 0.2578125 0.05703125 0.10234375
0 0.69609375 0.5 0.0375 0.0515625
0 0.7375 0.3265625 0.03125 0.10390625
1 0.4078125 0.31796875 0.11328125 0.15859375
1 0.28359375 0.29140625 0.08359375 0.1734375
1 0.15 0.259375 0.13203125 0.1796875
1 0.1859375 0.11171875 0.075 0.06796875
1 0.30078125 0.571875 0.159375 0.1671875
1 0.41328125 0.6578125 0.0875 0.09921875
1 0.5078125 0.6890625 0.05390625 0.15234375
1 0.89296875 0.6390625 0.053125 0.14765625
1 0.8578125 0.39375 0.08125 0.109375
1 0.6671875 0.45703125 0.0453125 0.0671875
1 0.72421875 0.4296875 0.04609375 0.0375
1 0.66875 0.38828125 0.04140625 0.03828125
1 0.84140625 0.28984375 0.084375 0.09296875