0 0.8390625 0.59140625 0.1125 0.09453125
0 0.66796875 0.33125 0.09296875 0.1359375
1 0.4609375 0.55625 0.16328125 0.09375
2 0.20859375 0.71796875 0.36796875 0.26484375
1 0.815625 0.43125 0.13671875 0.10078125
3 0.73671875 0.5203125 0.0796875 0.03828125
3 0.4953125 0.25078125 0.06796875 0.03125
3 0.6734375 0.2046875 0.07265625 0.06796875
1 0.77265625 0.69375 0.27109375 0.06796875
0 0.5953125 0.47109375 0.09375 0.0421875
1 0.4125 0.48125 0.15234375 0.05703125
0 0.63359375 0.56171875 0.04609375 0.06015625
1 0.5453125 0.38203125 0.16796875 0.05546875
0 0.56484375 0.22890625 0.0453125 0.04140625
1 0.5859375 0.59296875 0.09453125 0.08046875