3 0.2265625 0.46875 0.15234375 0.0578125
3 0.71484375 0.23828125 0.11015625 0.04609375
0 0.27890625 0.296875 0.1125 0.0578125
0 0.95703125 0.52265625 0.0859375 0.1296875
1 0.86328125 0.34140625 0.23203125 0.12421875
3 0.60546875 0.5859375 0.05 0.05625
3 0.59296875 0.53671875 0.0578125 0.025
1 0.46015625 0.34921875 0.046875 0.08046875
3 0.6171875 0.5046875 0.153125 0.05078125
1 0.0734375 0.525 0.146875 0.07578125
1 0.55859375 0.23203125 0.1609375 0.0953125
0 0.671875 0.68359375 0.0359375 0.0296875
0 0.82890625 0.58984375 0.05078125 0.06484375
0 0.81796875 0.52421875 0.1703125 0.0625
0 0.834375 0.46953125 0.14140625 0.0296875
1 0.61640625 0.33359375 0.1515625 0.15703125
0 0.6171875 0.15703125 0.06953125 0.02578125