1 0.7375 0.42109375 0.06796875 0.0875
1 0.44765625 0.4 0.0546875 0.0796875
1 0.49296875 0.3328125 0.0859375 0.09609375
0 0.303125 0.328125 0.07890625 0.15703125
0 0.80078125 0.2796875 0.103125 0.09921875
0 0.56484375 0.2046875 0.0578125 0.16015625
0 0.67265625 0.2171875 0.128125 0.0859375
0 0.55625 0.3796875 0.03125 0.18046875
0 0.371875 0.20859375 0.14609375 0.0625
0 0.22421875 0.23984375 0.08828125 0.0796875
0 0.165625 0.40859375 0.02890625 0.09609375
0 0.3609375 0.50625 0.06171875 0.0796875
0 0.646875 0.36953125 0.10078125 0.18046875
0 0.80703125 0.4546875 0.05078125 0.18203125
0 0.7921875 0.15390625 0.06953125 0.09296875
0 0.67109375 0.1140625 0.1265625 0.0796875
0 0.28671875 0.153125 0.06796875 0.04765625
0 0.43046875 0.3015625 0.034375 0.09765625
1 0.21875 0.3578125 0.05859375 0.09453125