0 0.49375 0.18125 0.13203125 0.04453125
1 0.84609375 0.6875 0.1125 0.18046875
1 0.30859375 0.6390625 0.26875 0.12734375
1 0.5875 0.37890625 0.1875 0.15859375
1 0.2109375 0.47109375 0.134375 0.13203125
1 0.796875 0.41953125 0.1875 0.14375
0 0.96484375 0.3796875 0.05078125 0.0484375
1 0.08203125 0.7046875 0.1640625 0.1546875
3 0.55625 0.56015625 0.04921875 0.0328125
3 0.66328125 0.59453125 0.034375 0.01875
1 0.546875 0.278125 0.15234375 0.09609375
1 0.8609375 0.57734375 0.1875 0.103125
1 0.675 0.23671875 0.12890625 0.090625
1 0.77265625 0.26953125 0.10390625 0.096875
3 0.65390625 0.55546875 0.1453125 0.05234375
3 0.49765625 0.48125 0.040625 0.03203125
3 0.2875 0.55078125 0.13984375 0.0484375
3 0.56953125 0.50234375 0.06796875 0.034375
1 0.4359375 0.39921875 0.04921875 0.103125
1 0.36953125 0.34296875 0.1015625 0.0546875
1 0.29609375 0.409375 0.040625 0.0828125