1 0.21015625 0.565625 0.09609375 0.14375
1 0.68828125 0.5484375 0.1328125 0.12890625
2 0.65546875 0.69609375 0.07265625 0.121875
1 0.35234375 0.48359375 0.115625 0.1390625
1 0.2515625 0.44609375 0.10390625 0.09140625
2 0.45625 0.72421875 0.121875 0.17265625
2 0.546875 0.64765625 0.08203125 0.07109375
2 0.35546875 0.61953125 0.0828125 0.06484375
1 0.46640625 0.546875 0.13125 0.05
1 0.453125 0.48828125 0.0765625 0.04921875
1 0.63359375 0.47890625 0.13828125 0.08828125
1 0.7421875 0.48515625 0.08046875 0.071875
1 0.71953125 0.6390625 0.08203125 0.0609375