1 0.2703125 0.5234375 0.07890625 0.10390625
0 0.075 0.4265625 0.1328125 0.07578125
1 0.53671875 0.55 0.08046875 0.12421875
3 0.53125 0.38046875 0.0546875 0.1125
0 0.2953125 0.1421875 0.32734375 0.15234375
0 0.21484375 0.359375 0.1015625 0.0796875
0 0.596875 0.378125 0.07421875 0.16015625
0 0.759375 0.4609375 0.16875 0.26953125
0 0.915625 0.396875 0.0921875 0.18203125
0 0.8484375 0.0671875 0.19296875 0.0875
0 0.690625 0.0546875 0.12890625 0.109375
0 0.58671875 0.1546875 0.12890625 0.24609375
0 0.49296875 0.32734375 0.04765625 0.2421875
0 0.1421875 0.3828125 0.078125 0.1296875
1 0.16484375 0.30390625 0.046875 0.0546875
1 0.27265625 0.44453125 0.0859375 0.06640625
0 0.37734375 0.3859375 0.01015625 0.0203125
0 0.33359375 0.42265625 0.02265625 0.053125
0 0.35859375 0.246875 0.08515625 0.05078125
0 0.240625 0.27421875 0.10390625 0.109375
0 0.4359375 0.24765625 0.03828125 0.059375
0 0.6453125 0.5421875 0.034375 0.040625
0 0.41328125 0.53203125 0.02734375 0.03203125
0 0.08125 0.37421875 0.0375 0.028125
1 0.34140625 0.36171875 0.0421875 0.0515625
0 0.978125 0.659375 0.040625 0.146875
0 0.753125 0.20390625 0.2140625 0.17421875
0 0.95546875 0.0359375 0.0890625 0.071875
0 0.8953125 0.21171875 0.06328125 0.05546875
1 0.92265625 0.565625 0.13671875 0.209375
1 0.61796875 0.509375 0.1125 0.1
0 0.92265625 0.678125 0.06640625 0.09375
1 0.79609375 0.65 0.0734375 0.07421875
1 0.4609375 0.5203125 0.06796875 0.115625
1 0.4 0.49921875 0.046875 0.04453125