1 0.21171875 0.50546875 0.1453125 0.29296875
1 0.19140625 0.29453125 0.109375 0.1421875
1 0.49921875 0.615625 0.13515625 0.29296875
3 0.45859375 0.4328125 0.08046875 0.0625
1 0.61015625 0.40625 0.13125 0.25
1 0.3140625 0.18671875 0.13046875 0.07265625
1 0.32578125 0.32734375 0.15 0.1921875
1 0.54296875 0.228125 0.1265625 0.0890625
1 0.66875 0.29765625 0.11015625 0.1484375
1 0.63671875 0.175 0.13984375 0.0859375
1 0.365625 0.49453125 0.0796875 0.10546875
1 0.46328125 0.359375 0.12734375 0.06796875
1 0.48359375 0.3 0.1265625 0.04140625
1 0.41640625 0.24765625 0.0734375 0.0859375