0 0.15859375 0.30234375 0.11015625 0.140625
0 0.4171875 0.38046875 0.0859375 0.09609375
0 0.53203125 0.5984375 0.10390625 0.11953125
0 0.38359375 0.50390625 0.0828125 0.134375
0 0.8015625 0.2140625 0.08046875 0.1078125
0 0.62265625 0.38984375 0.05234375 0.2296875
0 0.2515625 0.46015625 0.090625 0.12578125
3 0.28828125 0.23125 0.0859375 0.1140625
1 0.3 0.125 0.109375 0.10390625
0 0.815625 0.4453125 0.05859375 0.11953125
1 0.7828125 0.5390625 0.04921875 0.12578125
1 0.7625 0.44921875 0.0703125 0.08984375
1 0.771875 0.34453125 0.0578125 0.07421875
1 0.1875 0.1796875 0.09140625 0.0875
1 0.37265625 0.2921875 0.0859375 0.071875
0 0.11875 0.16171875 0.03125 0.05078125
0 0.54765625 0.50546875 0.06015625 0.0609375