0 0.7625 0.40703125 0.071875 0.04375
3 0.371875 0.52109375 0.0828125 0.10078125
1 0.31953125 0.39296875 0.0859375 0.08984375
2 0.71484375 0.58671875 0.0828125 0.17109375
3 0.26015625 0.5046875 0.06796875 0.0515625
1 0.471875 0.321875 0.134375 0.04140625
1 0.6671875 0.49453125 0.07578125 0.0828125
1 0.55234375 0.4921875 0.1703125 0.16328125
3 0.5859375 0.59453125 0.021875 0.021875
3 0.48203125 0.5796875 0.046875 0.02421875
1 0.44296875 0.48125 0.03359375 0.03046875
1 0.6125 0.3578125 0.04375 0.0203125
1 0.49140625 0.37734375 0.15 0.065625
1 0.23984375 0.44296875 0.0625 0.040625