3 0.6171875 0.70234375 0.08203125 0.07421875
1 0.6203125 0.48359375 0.17578125 0.109375
1 0.4734375 0.70625 0.15234375 0.096875
1 0.328125 0.40859375 0.15859375 0.06171875
1 0.465625 0.4375 0.13828125 0.0828125
0 0.8390625 0.6765625 0.03515625 0.02265625
3 0.61328125 0.628125 0.0984375 0.06796875
0 0.2015625 0.55234375 0.040625 0.01953125
3 0.209375 0.50390625 0.046875 0.059375
1 0.1671875 0.653125 0.1046875 0.175
1 0.3359375 0.596875 0.10859375 0.0765625
1 0.31484375 0.49140625 0.15859375 0.096875
1 0.4328125 0.5390625 0.084375 0.040625
3 0.55078125 0.80078125 0.10546875 0.08671875
1 0.66875 0.7546875 0.10078125 0.13046875
3 0.70859375 0.634375 0.0953125 0.04609375
1 0.7 0.5890625 0.09296875 0.0265625
1 0.80078125 0.6328125 0.1046875 0.05234375
3 0.55234375 0.52421875 0.08203125 0.0328125