0 0.13359375 0.19296875 0.16953125 0.18671875
0 0.86875 0.29765625 0.23828125 0.165625
0 0.18359375 0.59375 0.19375 0.0859375
1 0.44140625 0.72890625 0.321875 0.20390625
1 0.6546875 0.38984375 0.1765625 0.2203125
1 0.8546875 0.690625 0.1828125 0.190625
1 0.46875 0.1546875 0.2984375 0.13046875
1 0.78828125 0.1515625 0.253125 0.0765625
0 0.56015625 0.22890625 0.1078125 0.03515625
0 0.4453125 0.27265625 0.05078125 0.04921875
0 0.3515625 0.5140625 0.04140625 0.075
0 0.4890625 0.428125 0.04140625 0.03984375
1 0.2 0.75703125 0.215625 0.0625
1 0.19453125 0.7046875 0.12109375 0.05078125
1 0.1078125 0.36796875 0.0796875 0.134375
1 0.68203125 0.68046875 0.13984375 0.0765625
1 0.759375 0.53046875 0.2875 0.196875
0 0.56796875 0.590625 0.06953125 0.07109375
1 0.45546875 0.32890625 0.14375 0.059375