0 0.08203125 0.09375 0.16328125 0.1875
0 0.48125 0.16171875 0.11015625 0.09453125
0 0.50546875 0.31953125 0.0796875 0.0890625
0 0.7265625 0.15390625 0.15234375 0.07578125
1 0.40703125 0.6390625 0.30625 0.20703125
0 0.14375 0.51015625 0.096875 0.04453125
1 0.778125 0.59609375 0.14609375 0.18046875
1 0.71484375 0.4421875 0.28671875 0.196875
1 0.678125 0.31015625 0.21328125 0.2234375
0 0.37265625 0.2125 0.0703125 0.1109375
1 0.24609375 0.253125 0.2578125 0.21171875
1 0.06796875 0.25 0.125 0.165625
1 0.509375 0.05625 0.353125 0.11171875
1 0.8125 0.0765625 0.2078125 0.090625
1 0.171875 0.62109375 0.17734375 0.0921875