0 0.49765625 0.92890625 0.10390625 0.1109375
0 0.65703125 0.92421875 0.11484375 0.1515625
0 0.7390625 0.7453125 0.18125 0.1171875
0 0.1046875 0.40859375 0.0859375 0.07578125
0 0.31015625 0.08984375 0.0859375 0.09609375
0 0.6640625 0.23203125 0.11484375 0.16171875
0 0.67734375 0.10546875 0.0796875 0.028125
0 0.51171875 0.33984375 0.13671875 0.09765625
0 0.4046875 0.25390625 0.06796875 0.0609375
0 0.903125 0.66875 0.1390625 0.15078125
0 0.9203125 0.50625 0.15625 0.18203125
0 0.48671875 0.67578125 0.14765625 0.06171875
0 0.8578125 0.2765625 0.13203125 0.04296875
0 0.7796875 0.2140625 0.1078125 0.0625
0 0.5640625 0.084375 0.0890625 0.075
0 0.5359375 0.22890625 0.06953125 0.11484375
0 0.4390625 0.20390625 0.09609375 0.02578125
0 0.21953125 0.11875 0.0796875 0.08203125
0 0.028125 0.35546875 0.05625 0.0765625
0 0.62265625 0.8171875 0.12265625 0.0609375