0 0.6734375 0.35 0.06953125 0.0875
0 0.86953125 0.78671875 0.0421875 0.11796875
0 0.16875 0.63203125 0.05234375 0.11875
0 0.42890625 0.3796875 0.07421875 0.13046875
2 0.7921875 0.715625 0.296875 0.25625
2 0.290625 0.65390625 0.121875 0.32578125
0 0.58046875 0.4625 0.046875 0.08359375
0 0.67734375 0.27890625 0.0234375 0.05078125
1 0.49921875 0.49296875 0.0828125 0.07109375
1 0.31640625 0.4484375 0.0609375 0.134375
3 0.42421875 0.5109375 0.0234375 0.0296875
3 0.43984375 0.53046875 0.0265625 0.03515625