0 0.5421875 0.23984375 0.17578125 0.0828125
0 0.4 0.78828125 0.13984375 0.140625
0 0.2328125 0.75625 0.053125 0.1078125
0 0.903125 0.6109375 0.07421875 0.18359375
0 0.74765625 0.23828125 0.0359375 0.0890625
0 0.95625 0.51640625 0.059375 0.04609375
0 0.53671875 0.56875 0.071875 0.0796875
0 0.31171875 0.659375 0.0484375 0.0875
0 0.14375 0.5765625 0.06171875 0.07109375
0 0.17265625 0.74140625 0.0640625 0.0578125
0 0.7140625 0.521875 0.1171875 0.19140625
0 0.55078125 0.40703125 0.0234375 0.05390625
0 0.41484375 0.5265625 0.01796875 0.08671875
0 0.60390625 0.3453125 0.04453125 0.06953125
0 0.90078125 0.44140625 0.03515625 0.08046875