1 0.23359375 0.19453125 0.10234375 0.10390625
1 0.82265625 0.2703125 0.23203125 0.05390625
1 0.86171875 0.15234375 0.22890625 0.10625
1 0.60078125 0.09140625 0.1265625 0.11640625
1 0.2734375 0.39140625 0.1203125 0.10625
1 0.56796875 0.35625 0.11171875 0.0796875
1 0.33203125 0.2 0.08671875 0.065625
3 0.29375 0.259375 0.09296875 0.04453125
1 0.06015625 0.23125 0.08828125 0.0609375
1 0.64921875 0.16875 0.1 0.115625
1 0.3078125 0.09140625 0.07265625 0.0421875
1 0.321875 0.30078125 0.07890625 0.05390625
1 0.3890625 0.14453125 0.08828125 0.03515625
0 0.421875 0.4703125 0.084375 0.0328125
3 0.10390625 0.371875 0.07421875 0.04140625
0 0.159375 0.33203125 0.09296875 0.03828125
1 0.66640625 0.32890625 0.096875 0.06796875
1 0.53671875 0.2390625 0.128125 0.04375
1 0.40859375 0.22734375 0.07109375 0.03515625
1 0.48984375 0.39140625 0.06875 0.05859375
1 0.390625 0.36953125 0.03828125 0.0421875
1 0.41640625 0.3328125 0.040625 0.0265625
1 0.14140625 0.4125 0.0765625 0.0546875
1 0.17265625 0.159375 0.10625 0.071875
1 0.3734375 0.4296875 0.0765625 0.05078125
1 0.3890625 0.2875 0.0765625 0.05546875
1 0.87421875 0.36484375 0.05859375 0.0625
1 0.66015625 0.271875 0.0890625 0.0296875
1 0.58046875 0.28671875 0.08125 0.05234375
1 0.48671875 0.3109375 0.08828125 0.0421875
3 0.47578125 0.346875 0.0546875 0.01640625
3 0.93828125 0.26953125 0.06953125 0.03046875
1 0.48359375 0.190625 0.06484375 0.04921875
0 0.48203125 0.1359375 0.04453125 0.0625
1 0.5515625 0.1875 0.0734375 0.03359375
1 0.39765625 0.0734375 0.096875 0.02421875
1 0.75078125 0.38046875 0.08828125 0.06171875
1 0.82578125 0.21796875 0.0703125 0.046875
1 0.70859375 0.221875 0.09375 0.0546875
1 0.17578125 0.1046875 0.046875 0.0328125
1 0.23125 0.10703125 0.08984375 0.01875
0 0.03046875 0.1703125 0.02421875 0.03046875
3 0.09296875 0.140625 0.10625 0.04609375