0 0.63515625 0.43046875 0.15859375 0.17890625
0 0.73359375 0.3421875 0.1390625 0.05625
0 0.41171875 0.1703125 0.09453125 0.0890625
0 0.071875 0.35625 0.14375 0.134375
0 0.215625 0.3796875 0.12109375 0.07734375
0 0.715625 0.7265625 0.134375 0.08046875
3 0.58984375 0.1796875 0.24921875 0.06796875
3 0.353125 0.628125 0.15 0.06640625
1 0.11953125 0.64921875 0.23828125 0.21640625
1 0.93359375 0.61953125 0.1125 0.084375
1 0.18046875 0.19609375 0.3609375 0.18828125
1 0.296875 0.46015625 0.2078125 0.24765625
1 0.9546875 0.53359375 0.08984375 0.078125