2 0.3125 0.43671875 0.246875 0.15078125
2 0.72421875 0.19609375 0.26875 0.096875
2 0.82265625 0.50859375 0.18203125 0.13203125
2 0.91171875 0.33359375 0.17578125 0.14296875
2 0.6296875 0.44296875 0.18515625 0.06953125
2 0.3953125 0.15703125 0.19140625 0.0921875
1 0.178125 0.33671875 0.1375 0.08828125
1 0.0578125 0.23125 0.103125 0.06875
1 0.60703125 0.3265625 0.08984375 0.05703125
1 0.47578125 0.27890625 0.1109375 0.04140625
1 0.7640625 0.37109375 0.10078125 0.03046875
1 0.23984375 0.19765625 0.1046875 0.046875
3 0.81875 0.24453125 0.0671875 0.02734375
1 0.5765625 0.2734375 0.07734375 0.04140625
1 0.5265625 0.31328125 0.0640625 0.028125
2 0.146875 0.12578125 0.1359375 0.08046875
2 0.03515625 0.16015625 0.0703125 0.07421875
3 0.4015625 0.28046875 0.03125 0.0125
1 0.78515625 0.315625 0.0703125 0.03203125
1 0.72578125 0.3359375 0.05234375 0.03671875
1 0.90625 0.42578125 0.0453125 0.05390625
1 0.146875 0.26171875 0.07734375 0.05234375
1 0.07734375 0.35625 0.10390625 0.06328125
1 0.028125 0.2921875 0.05625 0.05234375
1 0.44765625 0.37578125 0.03203125 0.021875
1 0.50703125 0.41328125 0.0578125 0.028125