3 0.09609375 0.4234375 0.03671875 0.021875
1 0.52890625 0.43125 0.07578125 0.06015625
1 0.56328125 0.30234375 0.1203125 0.053125
1 0.696875 0.2046875 0.10625 0.0890625
1 0.22890625 0.23828125 0.09921875 0.09453125
1 0.371875 0.1234375 0.1234375 0.046875
1 0.8609375 0.34609375 0.1578125 0.0546875
1 0.8921875 0.23671875 0.09296875 0.09453125
1 0.81171875 0.18203125 0.0984375 0.07734375
3 0.32421875 0.38046875 0.04921875 0.025
3 0.2171875 0.4765625 0.0203125 0.04453125
1 0.34296875 0.2203125 0.09921875 0.05703125
3 0.11875 0.309375 0.04296875 0.046875
3 0.2671875 0.3703125 0.04296875 0.03515625
3 0.68125 0.37734375 0.06328125 0.04375
1 0.52109375 0.23046875 0.07265625 0.04375
1 0.6359375 0.4265625 0.0953125 0.08046875
1 0.284375 0.42421875 0.084375 0.0703125
1 0.15859375 0.3828125 0.09296875 0.04453125
1 0.60546875 0.159375 0.11796875 0.07421875
1 0.70546875 0.1265625 0.0625 0.046875
1 0.4640625 0.1171875 0.0609375 0.028125
1 0.21015625 0.16640625 0.10859375 0.0390625
1 0.12578125 0.2078125 0.06328125 0.06953125
1 0.04296875 0.2640625 0.0859375 0.07109375
3 0.30625 0.30859375 0.08046875 0.04375
1 0.44375 0.3375 0.06484375 0.021875
1 0.48203125 0.265625 0.09140625 0.046875
1 0.44609375 0.2234375 0.07421875 0.03359375
1 0.71640625 0.44921875 0.08046875 0.06875
1 0.7875 0.45390625 0.09140625 0.05625
1 0.88828125 0.4375 0.07265625 0.05
1 0.75625 0.38359375 0.0625 0.04296875
1 0.771875 0.3 0.1203125 0.034375
1 0.39296875 0.2734375 0.08984375 0.03046875
1 0.671875 0.27109375 0.0875 0.0390625
1 0.909375 0.1765625 0.08828125 0.05078125
1 0.90625 0.303125 0.08984375 0.0421875
1 0.7296875 0.3375 0.09140625 0.04375
1 0.38125 0.41953125 0.084375 0.03203125
1 0.30859375 0.48203125 0.0671875 0.03671875
1 0.1484375 0.47421875 0.07265625 0.053125
3 0.14453125 0.4171875 0.034375 0.015625
3 0.17890625 0.43203125 0.034375 0.01640625
1 0.3734375 0.33984375 0.06484375 0.0390625
1 0.30078125 0.34375 0.059375 0.03515625
1 0.39453125 0.484375 0.0859375 0.05234375