2 0.61640625 0.65 0.05078125 0.07265625
2 0.84921875 0.6140625 0.053125 0.05859375
3 0.19140625 0.5140625 0.0515625 0.0171875
3 0.3921875 0.64453125 0.01953125 0.02890625
1 0.5546875 0.30390625 0.07734375 0.0515625
1 0.64375 0.41640625 0.09140625 0.03359375
1 0.7703125 0.3984375 0.0890625 0.0359375
1 0.69140625 0.54140625 0.0703125 0.06640625
1 0.57109375 0.47734375 0.0828125 0.046875
1 0.36484375 0.40234375 0.08125 0.05390625
1 0.32734375 0.35625 0.0875 0.04296875
1 0.3234375 0.44375 0.0921875 0.040625
1 0.44453125 0.57890625 0.0890625 0.05546875
1 0.50390625 0.5125 0.0359375 0.0515625
3 0.4578125 0.52421875 0.03046875 0.0140625
1 0.0703125 0.4484375 0.0828125 0.06484375
1 0.07421875 0.4046875 0.10703125 0.040625
1 0.16953125 0.42890625 0.084375 0.03984375
3 0.14375 0.475 0.071875 0.05
1 0.25 0.43984375 0.04375 0.0296875
1 0.3859375 0.3203125 0.06796875 0.06171875
1 0.36328125 0.29296875 0.10859375 0.053125
1 0.5203125 0.2703125 0.075 0.034375
0 0.48203125 0.2953125 0.05859375 0.03671875
3 0.6359375 0.290625 0.02890625 0.02890625
1 0.69140625 0.29140625 0.07265625 0.0328125
0 0.809375 0.36328125 0.0296875 0.0328125
0 0.69140625 0.33671875 0.0296875 0.03125
1 0.58046875 0.36796875 0.0796875 0.0578125
1 0.55859375 0.43203125 0.05625 0.03671875
1 0.46953125 0.4734375 0.0453125 0.04921875
1 0.4171875 0.45625 0.04453125 0.02734375
1 0.4828125 0.425 0.06640625 0.04296875
1 0.49140625 0.38046875 0.05390625 0.02578125
1 0.6515625 0.3546875 0.0546875 0.05546875
0 0.26484375 0.5890625 0.03359375 0.01640625
1 0.2 0.565625 0.05234375 0.05078125
1 0.30390625 0.50546875 0.084375 0.0421875
1 0.44921875 0.6578125 0.06171875 0.07421875
1 0.4703125 0.33984375 0.0421875 0.0328125
1 0.4453125 0.3921875 0.0546875 0.0359375
1 0.4484375 0.36640625 0.06171875 0.01796875
1 0.3828125 0.55625 0.065625 0.046875
3 0.5640625 0.6640625 0.034375 0.0375
3 0.51953125 0.6609375 0.0390625 0.034375
3 0.7890625 0.5546875 0.046875 0.0234375
1 0.59296875 0.54765625 0.05234375 0.059375
1 0.81484375 0.446875 0.04921875 0.04921875
1 0.89296875 0.5390625 0.07265625 0.034375
0 0.9921875 0.5734375 0.01484375 0.01640625
1 0.6734375 0.490625 0.1015625 0.028125
1 0.69296875 0.390625 0.0734375 0.06875
1 0.76171875 0.3546875 0.0296875 0.0453125
1 0.6921875 0.46875 0.08359375 0.01640625
3 0.54765625 0.61171875 0.05234375 0.0421875
3 0.63125 0.59921875 0.02890625 0.01875
1 0.78203125 0.50625 0.04921875 0.0265625
1 0.82734375 0.48828125 0.04296875 0.02578125
3 0.63046875 0.27109375 0.0328125 0.01015625
1 0.67890625 0.44609375 0.0984375 0.02578125
3 0.3375 0.63203125 0.0359375 0.04921875
1 0.2921875 0.55625 0.07890625 0.059375
1 0.24375 0.49140625 0.04296875 0.02578125