1 0.3125 0.25859375 0.17890625 0.07265625
1 0.4203125 0.43828125 0.1234375 0.0609375
1 0.278125 0.2 0.1734375 0.04140625
1 0.1546875 0.38359375 0.09921875 0.0625
1 0.88203125 0.271875 0.16328125 0.07578125
1 0.75390625 0.203125 0.14453125 0.07109375
1 0.6828125 0.446875 0.04609375 0.07734375
1 0.5734375 0.41484375 0.15390625 0.03984375
1 0.86015625 0.38671875 0.10234375 0.05234375
3 0.68515625 0.54140625 0.05078125 0.0453125
1 0.39921875 0.18359375 0.090625 0.03984375
1 0.6359375 0.2046875 0.06953125 0.053125
1 0.43359375 0.3421875 0.1421875 0.06484375
1 0.3015625 0.3703125 0.103125 0.08828125
3 0.74921875 0.3765625 0.07265625 0.046875
2 0.01484375 0.35625 0.02890625 0.05703125
0 0.08203125 0.35703125 0.1078125 0.03203125
3 0.19609375 0.16953125 0.03828125 0.01015625
3 0.1125 0.240625 0.09609375 0.0296875
1 0.22421875 0.15234375 0.08828125 0.0109375
1 0.553125 0.5484375 0.05625 0.040625
1 0.54609375 0.4890625 0.11875 0.0546875
1 0.3609375 0.49296875 0.1 0.05
1 0.2921875 0.4546875 0.1015625 0.04921875
1 0.5453125 0.37421875 0.04140625 0.0296875
1 0.7671875 0.45078125 0.08046875 0.04765625
1 0.63515625 0.52578125 0.0640625 0.04765625
1 0.74296875 0.31484375 0.0875 0.034375
1 0.75234375 0.27890625 0.0890625 0.02578125
1 0.47421875 0.2875 0.09140625 0.0390625
1 0.48828125 0.23671875 0.0890625 0.05703125
1 0.56171875 0.2046875 0.08046875 0.0359375
1 0.659375 0.2734375 0.05078125 0.053125
1 0.5875 0.23515625 0.0921875 0.0265625
1 0.5640625 0.2765625 0.07890625 0.046875
1 0.3171875 0.1609375 0.09609375 0.01640625
1 0.58203125 0.140625 0.08671875 0.01796875
1 0.6359375 0.16171875 0.02265625 0.02265625
3 0.6890625 0.4015625 0.05859375 0.01484375
1 0.5921875 0.3234375 0.0515625 0.01875
3 0.14765625 0.453125 0.05546875 0.0375
1 0.2015625 0.3296875 0.0890625 0.04921875
3 0.19609375 0.2921875 0.04921875 0.0234375
1 0.83828125 0.33125 0.0609375 0.0171875
1 0.5140625 0.4484375 0.04453125 0.021875
3 0.39453125 0.5375 0.0453125 0.0296875
3 0.49921875 0.5359375 0.04453125 0.0234375