0 0.11171875 0.3265625 0.22265625 0.1078125
0 0.1390625 0.05546875 0.13671875 0.1078125
0 0.15234375 0.2 0.16796875 0.13515625
0 0.32578125 0.33515625 0.103125 0.12421875
0 0.77734375 0.29375 0.24921875 0.18671875
0 0.61640625 0.08515625 0.06796875 0.08125
1 0.2109375 0.49609375 0.2890625 0.2046875
0 0.7421875 0.61640625 0.1703125 0.09765625
1 0.9375 0.4984375 0.12421875 0.1203125
3 0.44375 0.48984375 0.096875 0.1125
1 0.371875 0.059375 0.309375 0.11875
1 0.47109375 0.31015625 0.22890625 0.23828125
1 0.8296875 0.14140625 0.27578125 0.15859375
1 0.85703125 0.5890625 0.115625 0.06640625