1 0.28125 0.1453125 0.1078125 0.0921875
1 0.48359375 0.384375 0.16328125 0.0921875
3 0.26171875 0.31484375 0.06640625 0.021875
3 0.559375 0.3140625 0.06953125 0.04609375
3 0.78046875 0.29765625 0.07578125 0.0484375
3 0.4 0.35546875 0.08671875 0.040625
3 0.83125 0.12265625 0.0453125 0.01640625
3 0.44609375 0.26328125 0.06484375 0.03984375
1 0.54140625 0.2421875 0.06953125 0.0203125
1 0.7109375 0.35 0.18359375 0.07265625
1 0.9015625 0.27890625 0.1140625 0.1375
1 0.87734375 0.1578125 0.115625 0.06953125
1 0.45390625 0.115625 0.08046875 0.04140625
3 0.1046875 0.1765625 0.1125 0.0359375
1 0.63671875 0.184375 0.14921875 0.08203125
1 0.253125 0.41015625 0.09921875 0.059375
1 0.18515625 0.0890625 0.0984375 0.05546875
1 0.18515625 0.45078125 0.090625 0.0453125
1 0.15 0.25390625 0.06796875 0.04140625
1 0.30546875 0.22578125 0.0875 0.03359375
1 0.60234375 0.28203125 0.06875 0.03203125
1 0.2234375 0.26875 0.0875 0.06328125
1 0.77265625 0.21875 0.1890625 0.1328125
1 0.4828125 0.209375 0.071875 0.0328125
1 0.55 0.1796875 0.05390625 0.01953125
1 0.5984375 0.13203125 0.0578125 0.0328125
1 0.4515625 0.14375 0.06875 0.02578125
1 0.75625 0.09609375 0.071875 0.03203125
1 0.61640625 0.41953125 0.08828125 0.071875
3 0.1046875 0.40625 0.071875 0.06640625
1 0.0640625 0.3515625 0.0578125 0.03359375
1 0.15703125 0.33671875 0.0609375 0.0453125
1 0.1828125 0.37734375 0.08046875 0.04296875
1 0.3375 0.4390625 0.084375 0.06171875
1 0.46015625 0.321875 0.1203125 0.04765625
1 0.55859375 0.26953125 0.0453125 0.025
1 0.646875 0.25703125 0.06328125 0.02578125
1 0.4203125 0.1984375 0.0484375 0.02265625
1 0.38984375 0.23046875 0.07578125 0.034375
1 0.32734375 0.05625 0.1328125 0.05
1 0.29453125 0.07890625 0.0640625 0.03515625